100
0
1
2
3
4
5
6
7
8
9
10
11
12
13
14
15
16
17
18
19
20
21
22
23
24
25
26
27
28
29
30
31
32
33
34
35
36
37
38
39
40
41
42
43
44
45
46
47
48
49
50
51
52
53
54
55
56
57
58
59
60
61
62
63
64
65
66
67
68
69
70
71
72
73
74
75
76
77
78
79
80
81
82
83
84
85
86
87
88
89
90
91
92
93
94
95
96
97
98
99
0 1
0 23
0 3
0 4
0 5
1 77
1 3
1 7
1 59
1 39
2 3
2 46
2 56
2 35
2 7
3 4
3 21
3 6
3 7
3 8
4 86
4 6
4 87
4 8
4 9
5 6
5 7
5 8
5 9
5 73
6 21
6 8
6 72
6 10
6 31
7 27
7 28
7 9
7 4
7 12
8 59
8 10
8 11
8 12
8 90
9 10
9 93
9 42
9 13
9 14
10 11
10 34
10 1
10 14
10 57
11 12
11 24
11 72
11 29
11 21
12 13
12 87
12 55
12 35
12 17
13 36
13 15
13 99
13 0
13 18
14 68
14 16
14 4
14 18
14 19
15 29
15 27
15 18
15 19
15 51
16 30
16 59
16 19
16 89
16 21
17 23
17 19
17 20
17 88
17 37
18 19
18 51
18 21
18 22
18 54
19 29
19 21
19 27
19 23
19 24
20 21
20 75
20 23
20 44
20 25
21 22
21 74
21 24
21 25
21 26
22 69
22 24
22 20
22 26
22 27
23 24
23 95
23 22
23 27
23 28
24 56
24 26
24 27
24 41
24 2
25 42
25 27
25 81
25 26
25 39
26 27
26 28
26 84
26 30
26 31
27 28
27 29
27 72
27 31
27 32
28 19
28 43
28 31
28 32
28 80
29 37
29 31
29 85
29 33
29 34
30 31
30 32
30 99
30 23
30 70
31 32
31 33
31 34
31 35
31 36
32 70
32 34
32 35
32 36
32 79
33 34
33 35
33 36
33 37
33 38
34 91
34 36
34 98
34 38
34 4
35 36
35 37
35 24
35 39
35 40
36 37
36 38
36 9
36 67
36 41
37 62
37 6
37 19
37 41
37 59
38 96
38 40
38 41
38 42
38 44
39 5
39 41
39 42
39 26
39 44
40 41
40 28
40 94
40 44
40 27
41 42
41 69
41 79
41 45
41 60
42 43
42 17
42 73
42 46
42 5
43 5
43 24
43 46
43 47
43 49
44 29
44 70
44 55
44 48
44 49
45 46
45 47
45 48
45 49
45 5
46 47
46 99
46 49
46 50
46 91
47 48
47 49
47 84
47 0
47 55
48 82
48 50
48 51
48 52
48 89
49 50
49 90
49 52
49 53
49 54
50 51
50 52
50 67
50 54
50 55
51 52
51 86
51 54
51 55
51 5
52 64
52 54
52 61
52 56
52 22
53 54
53 42
53 26
53 29
53 58
54 87
54 56
54 57
54 90
54 30
55 76
55 7
55 58
55 59
55 74
56 57
56 4
56 6
56 60
56 86
57 58
57 59
57 21
57 61
57 43
58 3
58 22
58 61
58 62
58 63
59 60
59 99
59 28
59 93
59 13
60 99
60 46
60 63
60 64
60 65
61 62
61 40
61 64
61 65
61 66
62 63
62 11
62 65
62 66
62 67
63 64
63 65
63 66
63 14
63 68
64 65
64 66
64 36
64 12
64 69
65 12
65 67
65 68
65 69
65 10
66 86
66 30
66 48
66 70
66 94
67 68
67 69
67 70
67 71
67 46
68 69
68 70
68 71
68 89
68 37
69 34
69 71
69 72
69 55
69 53
70 71
70 26
70 73
70 20
70 28
71 1
71 73
71 54
71 87
71 76
72 73
72 74
72 46
72 38
72 77
73 17
73 75
73 76
73 84
73 18
74 52
74 82
74 0
74 78
74 36
75 1
75 24
75 88
75 79
75 80
76 86
76 78
76 49
76 80
76 90
77 65
77 79
77 80
77 49
77 30
78 44
78 0
78 33
78 82
78 83
79 80
79 52
79 82
79 59
79 84
80 29
80 82
80 53
80 84
80 85
81 17
81 83
81 84
81 85
81 86
82 83
82 68
82 85
82 73
82 89
83 84
83 73
83 86
83 87
83 88
84 85
84 30
84 75
84 88
84 89
85 9
85 87
85 88
85 83
85 5
86 67
86 60
86 29
86 90
86 68
87 97
87 99
87 90
87 91
87 92
88 65
88 90
88 91
88 92
88 6
89 83
89 91
89 21
89 93
89 94
90 24
90 92
90 4
90 29
90 95
91 71
91 73
91 27
91 59
91 20
92 29
92 68
92 95
92 96
92 97
93 19
93 95
93 56
93 25
93 63
94 95
94 96
94 43
94 98
94 99
95 96
95 97
95 2
95 33
95 81
96 97
96 84
96 99
96 0
96 60
97 98
97 99
97 0
97 1
97 2
98 99
98 84
98 1
98 2
98 3
99 0
99 1
99 2
99 70
99 18
